_系统时间  _本地总秒数  遥测频率  数传2遥测频率  俯仰角  滚转角  偏航角  经度  纬度  高度  东速  北速  天速  GPS经度  GPS纬度  GPS高度  GPS东速  GPS北速  GPS天速  航迹角  双天线航向  双天线航向精度  地面速度  星数  水平精度  iTow  x向角速度  y向角速度  z向角速度  x向加速度  y向加速度  z向加速度  x向磁强计  y向磁强计  z向磁强计  温度  俯仰精度  滚转精度  偏航精度  东速精度  北速精度  天速精度  经度状态精度  纬度状态精度  高度精度  ebx  eby  ebz  dbx  dby  dbz  x向杆臂误差经度  y向杆臂误差经度  z向杆臂误差经度  延时误差精度  气压高度  导航模式
164733906       60453.910 10 1.74 -0.37 3.22 24.63455 118.4102 1184.94 17.64 4.25 2.92 0 0 0 0 0 0 0 0 0 0 0 0 0 -0.003260002 -0.008314708 0.003861124 0.07162966 0.2868661 9.796379 389.4667 -817.4667 -681.8667 0.001331557 0.001331421 0.00196353 6.136652 6.173975 1.013074 64.58073 73.87936 89.0374 6.787214E-08 6.253956E-08 6.448022E-08 4.049043E-05 4.34245E-05 2.239693E-05 0.2904376 0.2904376 0.2904359 0.5199558 0 0 
164733977       60453.980 3 1.74 -0.37 3.22 24.63455 118.4102 1185.16 17.64 4.25 2.92 0 0 0 0 0 0 0 0 0 0 0 0 0 0.003843941 0.0002298038 0.005218433 0.07084187 0.2957036 9.769431 389.8667 -818.0001 -680.2667 0.00133158 0.001331444 0.001963587 6.137312 6.174645 1.013167 65.0459 74.38517 89.1134 6.787214E-08 6.253956E-08 6.448022E-08 4.049043E-05 4.34245E-05 2.239693E-05 0.2904634 0.2904634 0.2904617 0.5199702 0 0 
164734108       60454.110 9 1.74 -0.37 3.22 24.63456 118.4102 1185.54 17.65 4.25 2.92 0 0 0 0 0 0 0 0 0 0 0 0 0 -0.007315306 0.007774355 0.0006431714 0.0921021 0.3057507 9.791097 387.4667 -817.3334 -681.4667 0.001331619 0.001331483 0.001963686 6.138459 6.175806 1.013329 65.85231 75.26203 89.24516 6.787214E-08 6.253956E-08 6.448022E-08 4.049043E-05 4.34245E-05 2.239693E-05 0.2905082 0.2905082 0.2905065 0.5199952 0 0 
164734240       60454.240 6 1.74 -0.37 3.22 24.63456 118.4102 1185.92 17.65 4.25 2.92 0 0 0 0 0 0 0 0 0 0 0 0 0 -0.004188856 0.007047225 -0.004185783 0.09008789 0.3096192 9.770884 389.8667 -817.7334 -680.0001 0.001331658 0.001331522 0.001963785 6.139605 6.176967 1.013491 66.65887 76.13906 89.37695 6.787214E-08 6.253956E-08 6.448022E-08 4.049043E-05 4.34245E-05 2.239693E-05 0.2905529 0.2905529 0.2905512 0.5200202 0 0 
164734315       60454.320 10 1.74 -0.37 3.22 24.63456 118.4103 1186.15 17.65 4.25 2.93 0 0 0 0 0 0 0 0 0 0 0 0 0 -0.0008444767 0.001451187 -8.898787E-05 0.08779614 0.2959866 9.795262 389.4667 -817.6 -681.2 0.001331682 0.001331546 0.001963846 6.14031 6.177681 1.013591 67.1553 76.67885 89.45805 6.787214E-08 6.253956E-08 6.448022E-08 4.049043E-05 4.34245E-05 2.239693E-05 0.2905805 0.2905805 0.2905788 0.5200356 0 0 
164734450       60454.450 10 1.74 -0.37 3.22 24.63457 118.4103 1186.53 17.65 4.25 2.93 0 0 0 0 0 0 0 0 0 0 0 0 0 -0.003509223 0.004450651 0.003394391 0.08531509 0.3137687 9.777304 387.4667 -817.0667 -681.6 0.001331721 0.001331585 0.001963945 6.141456 6.178843 1.013753 67.9621 77.55614 89.58987 6.787214E-08 6.253956E-08 6.448022E-08 4.049043E-05 4.34245E-05 2.239693E-05 0.2906252 0.2906252 0.2906235 0.5200606 0 0 
164734582       60454.580 6 1.74 -0.37 3.22 24.63457 118.4103 1186.93 17.65 4.25 2.93 0 0 0 0 0 0 0 0 0 0 0 0 0 0.005347095 -0.00483538 0.001740083 0.07823087 0.305939 9.771202 388.8 -817.6 -682.8 0.001331761 0.001331625 0.001964047 6.142646 6.180049 1.013922 68.8001 78.46734 89.72678 6.787214E-08 6.253956E-08 6.448022E-08 4.049043E-05 4.34245E-05 2.239693E-05 0.2906716 0.2906716 0.2906699 0.5200865 0 0 
164734660       60454.660 12 1.74 -0.37 3.22 24.63458 118.4103 1187.15 17.66 4.25 2.93 0 0 0 0 0 0 0 0 0 0 0 0 0 0.0007335562 -0.0001913868 0.004654191 0.07177285 0.2926486 9.780178 388.9333 -818.0001 -680.1334 0.001331783 0.001331648 0.001964104 6.143308 6.180719 1.014015 69.26572 78.97364 89.80285 6.787214E-08 6.253956E-08 6.448022E-08 4.049043E-05 4.34245E-05 2.239693E-05 0.2906975 0.2906975 0.2906957 0.520101 0 0 
164734793       60454.790 6 1.74 -0.37 3.22 24.63458 118.4103 1187.54 17.66 4.25 2.93 0 0 0 0 0 0 0 0 0 0 0 0 0 0.00473354 0.001724437 0.003712904 0.06468315 0.2998529 9.775849 388.6667 -817.8667 -679.2 0.001331824 0.001331688 0.001964207 6.144498 6.181925 1.014184 70.10397 79.88512 89.9398 6.787214E-08 6.253956E-08 6.448022E-08 4.049043E-05 4.34245E-05 2.239693E-05 0.2907439 0.2907439 0.2907422 0.5201269 0 0 
164734927       60454.930 9 1.74 -0.37 3.22 24.63459 118.4104 1187.94 17.66 4.25 2.93 0 0 0 0 0 0 0 0 0 0 0 0 0 0.004061032 0.01181834 -0.006018905 0.08132973 0.2942231 9.797667 388 -817.4667 -681.2 0.001331864 0.001331728 0.00196431 6.145689 6.183132 1.014352 70.94239 80.79677 90.07676 6.787214E-08 6.253956E-08 6.448022E-08 4.049043E-05 4.34245E-05 2.239693E-05 0.2907903 0.2907903 0.2907886 0.5201529 0 0 
164735001       60455.000 6 1.74 -0.37 3.22 24.63459 118.4104 1188.16 17.66 4.25 2.93 0 0 0 0 0 0 0 0 0 0 0 0 0 -0.01877253 0.001384551 0.004967256 0.07301209 0.2895927 9.791568 387.8667 -817.4667 -682.0001 0.001331886 0.001331751 0.001964367 6.14635 6.183802 1.014446 71.40825 81.30331 90.15286 6.787213E-08 6.253956E-08 6.448022E-08 4.049043E-05 4.34245E-05 2.239693E-05 0.2908161 0.2908161 0.2908144 0.5201673 0 0 
164735131       60455.130 6 1.74 -0.37 3.22 24.63459 118.4104 1188.54 17.66 4.25 2.93 0 0 0 0 0 0 0 0 0 0 0 0 0 0.005089492 -0.00335346 0.004494656 0.0937956 0.3057524 9.789974 388.8 -818.0001 -678.2667 0.001331925 0.001331789 0.001964466 6.147497 6.184963 1.014609 72.21585 82.18147 90.28479 6.787213E-08 6.253956E-08 6.448022E-08 4.049043E-05 4.34245E-05 2.239693E-05 0.2908608 0.2908608 0.2908591 0.5201923 0 0 
164735265       60455.270 3 1.74 -0.37 3.22 24.6346 118.4104 1188.92 17.67 4.26 2.93 0 0 0 0 0 0 0 0 0 0 0 0 0 -0.00415016 0.009047985 0.005670078 0.07330988 0.2987285 9.77938 389.0667 -817.8667 -682.4 0.001331964 0.001331828 0.001964565 6.148643 6.186125 1.014771 73.0236 83.05978 90.41674 6.787213E-08 6.253956E-08 6.448022E-08 4.049043E-05 4.34245E-05 2.239693E-05 0.2909055 0.2909055 0.2909038 0.5202172 0 0 
164735338       60455.340 6 1.74 -0.37 3.22 24.6346 118.4104 1189.14 17.67 4.26 2.93 0 0 0 0 0 0 0 0 0 0 0 0 0 0.003807759 0.004114816 0.005393056 0.07177483 0.2929627 9.78419 389.4667 -818.1334 -680.1334 0.001331986 0.00133185 0.001964622 6.149305 6.186795 1.014865 73.48968 83.56657 90.49287 6.787213E-08 6.253956E-08 6.448022E-08 4.049043E-05 4.34245E-05 2.239693E-05 0.2909313 0.2909313 0.2909296 0.5202317 0 0 
164735468       60455.470 6 1.74 -0.37 3.22 24.63461 118.4105 1189.52 17.67 4.26 2.93 0 0 0 0 0 0 0 0 0 0 0 0 0 -0.005856296 0.00623893 0.004428579 0.08394512 0.2998231 9.796867 387.6 -817.6 -682.1334 0.001332025 0.001331889 0.001964721 6.150452 6.187957 1.015028 74.29767 84.44513 90.62486 6.787213E-08 6.253956E-08 6.448022E-08 4.049043E-05 4.34245E-05 2.239693E-05 0.290976 0.290976 0.2909742 0.5202566 0 0 
164735611       60455.610 6 1.74 -0.37 3.22 24.63461 118.4105 1189.94 17.67 4.26 2.93 0 0 0 0 0 0 0 0 0 0 0 0 0 -0.00693365 0.002026185 0.004303129 0.08147001 0.2976171 9.773926 388 -816.9333 -681.3334 0.001332066 0.001331931 0.001964828 6.151687 6.189209 1.015203 75.16798 85.39146 90.76701 6.787213E-08 6.253956E-08 6.448022E-08 4.049043E-05 4.34245E-05 2.239693E-05 0.2910241 0.2910241 0.2910223 0.5202836 0 0 
164735685       60455.680 6 1.74 -0.37 3.22 24.63461 118.4105 1190.16 17.67 4.26 2.93 0 0 0 0 0 0 0 0 0 0 0 0 0 -0.00182041 0.005959393 -0.001346134 0.07824775 0.286719 9.787877 388.4 -816.8 -683.0667 0.001332089 0.001331953 0.001964885 6.152349 6.189879 1.015297 75.63429 85.8985 90.84319 6.787213E-08 6.253956E-08 6.448022E-08 4.049043E-05 4.34245E-05 2.239693E-05 0.2910498 0.2910498 0.2910481 0.520298 0 0 
164735817       60455.820 6 1.74 -0.37 3.22 24.63462 118.4105 1190.55 17.68 4.26 2.93 0 0 0 0 0 0 0 0 0 0 0 0 0 0.000309851 0.01050085 0.006016809 0.09409933 0.3097587 9.785003 388.9333 -817.6 -681.2 0.001332129 0.001331993 0.001964987 6.15354 6.191086 1.015466 76.47378 86.8113 90.9803 6.787213E-08 6.253956E-08 6.448022E-08 4.049043E-05 4.34245E-05 2.239693E-05 0.2910962 0.2910962 0.2910945 0.5203239 0 0 
164735952       60455.950 3 1.74 -0.37 3.22 24.63463 118.4105 1190.95 17.68 4.26 2.94 0 0 0 0 0 0 0 0 0 0 0 0 0 0.001696358 0.008373382 0.004592584 0.07900306 0.304016 9.773607 389.2 -817.6 -680.1334 0.001332169 0.001332033 0.00196509 6.154731 6.192293 1.015635 77.31342 87.72429 91.11744 6.787213E-08 6.253956E-08 6.448022E-08 4.049043E-05 4.34245E-05 2.239693E-05 0.2911426 0.2911426 0.2911409 0.5203499 0 0 
164736025       60456.020 6 1.74 -0.37 3.22 24.63463 118.4105 1191.15 17.68 4.26 2.94 0 0 0 0 0 0 0 0 0 0 0 0 0 0.00348785 0.00163042 0.001535565 0.07255237 0.288308 9.794936 388.6667 -816.9333 -683.4667 0.00133219 0.001332054 0.001965143 6.155349 6.192919 1.015723 77.74886 88.19775 91.18856 6.787213E-08 6.253956E-08 6.448022E-08 4.049043E-05 4.34245E-05 2.239693E-05 0.2911666 0.2911666 0.2911649 0.5203633 0 0 
164736163       60456.160 4 1.74 -0.37 3.22 24.63463 118.4106 1191.57 17.68 4.26 2.94 0 0 0 0 0 0 0 0 0 0 0 0 0 0.005367072 0.003761938 0.0009783078 0.09286882 0.3100737 9.788372 387.3333 -817.2 -681.4667 0.001332231 0.001332096 0.00196525 6.156584 6.19417 1.015898 78.61987 89.14484 91.33082 6.787213E-08 6.253956E-08 6.448022E-08 4.049043E-05 4.34245E-05 2.239693E-05 0.2912147 0.2912147 0.291213 0.5203902 0 0 
164736296       60456.300 6 1.74 -0.37 3.22 24.63464 118.4106 1191.96 17.68 4.26 2.94 0 0 0 0 0 0 0 0 0 0 0 0 0 0.00431668 0.005016988 0.001531653 0.07547532 0.2886368 9.789 389.0667 -817.4667 -679.6 0.001332271 0.001332136 0.001965353 6.157775 6.195377 1.016068 79.45993 90.05827 91.46802 6.787213E-08 6.253956E-08 6.448022E-08 4.049043E-05 4.34245E-05 2.239693E-05 0.291261 0.291261 0.2912593 0.5204162 0 0 
164736371       60456.370 3 1.74 -0.37 3.22 24.63464 118.4106 1192.18 17.68 4.26 2.94 0 0 0 0 0 0 0 0 0 0 0 0 0 0.006179139 0.009514717 -0.0004116911 0.08654583 0.3164886 9.776984 387.7334 -817.3334 -680.9333 0.001332293 0.001332158 0.00196541 6.158437 6.196048 1.016162 79.9267 90.5658 91.54425 6.787213E-08 6.253956E-08 6.448022E-08 4.049043E-05 4.34245E-05 2.239693E-05 0.2912868 0.2912868 0.2912851 0.5204306 0 0 
164736501       60456.500 6 1.74 -0.37 3.22 24.63465 118.4106 1192.55 17.69 4.26 2.94 0 0 0 0 0 0 0 0 0 0 0 0 0 -0.001283409 -0.0018897 0.001319731 0.09132317 0.3140838 9.780833 389.3333 -817.2 -680.6667 0.00133233 0.001332195 0.001965505 6.159541 6.197165 1.016318 80.70477 91.41181 91.67132 6.787213E-08 6.253956E-08 6.448022E-08 4.049043E-05 4.34245E-05 2.239693E-05 0.2913297 0.2913297 0.291328 0.5204546 0 0 
164736631       60456.630 6 1.74 -0.37 3.22 24.63465 118.4107 1192.95 17.69 4.26 2.94 0 0 0 0 0 0 0 0 0 0 0 0 0 0.004006131 0.009302376 0.003696699 0.07315341 0.2974572 9.773603 388.4 -817.6 -679.2 0.00133237 0.001332235 0.001965608 6.160732 6.198373 1.016488 81.54522 92.32568 91.80857 6.787213E-08 6.253956E-08 6.448022E-08 4.049043E-05 4.34245E-05 2.239693E-05 0.2913761 0.2913761 0.2913743 0.5204806 0 0 
164736706       60456.710 0 1.74 -0.37 3.22 24.63465 118.4107 1193.17 17.69 4.26 2.94 0 0 0 0 0 0 0 0 0 0 0 0 0 0.0008986797 0.007779524 -0.00438178 0.07900398 0.2971432 9.769753 388.1334 -817.4667 -680.8 0.001332393 0.001332257 0.001965665 6.161395 6.199044 1.016582 82.01221 92.83346 91.88483 6.787213E-08 6.253956E-08 6.448022E-08 4.049043E-05 4.34245E-05 2.239693E-05 0.2914018 0.2914018 0.2914001 0.5204949 0 0 
164736835       60456.840 6 1.74 -0.37 3.22 24.63466 118.4107 1193.54 17.69 4.26 2.94 0 0 0 0 0 0 0 0 0 0 0 0 0 0.007445784 0.009294832 0.006485218 0.08855563 0.3115141 9.78773 388 -817.4667 -680.1334 0.00133243 0.001332294 0.00196576 6.162498 6.200161 1.016739 82.79066 93.67988 92.01196 6.787213E-08 6.253956E-08 6.448022E-08 4.049043E-05 4.34245E-05 2.239693E-05 0.2914447 0.2914447 0.291443 0.520519 0 0 
164736967       60456.970 6 1.74 -0.37 3.22 24.63466 118.4107 1193.94 17.7 4.26 2.94 0 0 0 0 0 0 0 0 0 0 0 0 0 -0.006531877 0.01366809 0.005938578 0.07640035 0.29151 9.793173 387.2 -817.6 -681.7334 0.00133247 0.001332334 0.001965863 6.16369 6.201369 1.016909 83.63152 94.59418 92.14927 6.787213E-08 6.253956E-08 6.448022E-08 4.049043E-05 4.34245E-05 2.239693E-05 0.291491 0.291491 0.2914893 0.5205449 0 0 
164737041       60457.040 6 1.74 -0.37 3.22 24.63467 118.4107 1194.16 17.7 4.26 2.94 0 0 0 0 0 0 0 0 0 0 0 0 0 0.007703807 -0.002293009 0.002319971 0.08547284 0.3054501 9.777619 388.8 -817.8667 -682.1334 0.001332492 0.001332356 0.00196592 6.164352 6.20204 1.017003 84.09874 95.1022 92.22556 6.787213E-08 6.253956E-08 6.448022E-08 4.049043E-05 4.34245E-05 2.239693E-05 0.2915167 0.2915167 0.291515 0.5205593 0 0 
164737171       60457.170 6 1.74 -0.37 3.22 24.63467 118.4108 1194.54 17.7 4.26 2.94 0 0 0 0 0 0 0 0 0 0 0 0 0 -0.002512196 0.001146086 0.003687898 0.08007675 0.309141 9.76944 387.7334 -817.3334 -680.4 0.00133253 0.001332395 0.001966018 6.1655 6.203203 1.017166 84.90871 95.98289 92.35783 6.787213E-08 6.253956E-08 6.448022E-08 4.049043E-05 4.34245E-05 2.239693E-05 0.2915613 0.2915613 0.2915596 0.5205843 0 0 
164737300       60457.300 4 1.74 -0.37 3.22 24.63468 118.4108 1194.91 17.7 4.26 2.94 0 0 0 0 0 0 0 0 0 0 0 0 0 -0.002814783 -0.01045936 0.003758725 0.08916518 0.3134497 9.776822 389.7334 -817.6 -679.8667 0.001332567 0.001332432 0.001966114 6.166604 6.204321 1.017323 85.68766 96.82987 92.48502 6.787213E-08 6.253956E-08 6.448022E-08 4.049043E-05 4.34245E-05 2.239693E-05 0.2916042 0.2916042 0.2916025 0.5206083 0 0 
164737375       60457.380 9 1.74 -0.37 3.22 24.63468 118.4108 1195.13 17.7 4.26 2.94 0 0 0 0 0 0 0 0 0 0 0 0 0 -0.004262198 0.003125612 0.004218053 0.07315516 0.2993695 9.778578 388.2667 -818.1334 -678.9333 0.001332589 0.001332454 0.001966171 6.167265 6.204992 1.017418 86.1551 97.33813 92.56135 6.787213E-08 6.253956E-08 6.448022E-08 4.049043E-05 4.34245E-05 2.239693E-05 0.2916299 0.2916299 0.2916282 0.5206227 0 0 
164737506       60457.510 7 1.74 -0.37 3.22 24.63469 118.4108 1195.53 17.7 4.26 2.95 0 0 0 0 0 0 0 0 0 0 0 0 0 0.002076756 0.01530787 0.002874993 0.08101925 0.297266 9.795262 387.8667 -817.4667 -681.2 0.001332629 0.001332494 0.001966273 6.168458 6.2062 1.017588 86.99661 98.25313 92.69875 6.787213E-08 6.253956E-08 6.448022E-08 4.049043E-05 4.34245E-05 2.239693E-05 0.2916762 0.2916762 0.2916745 0.5206487 0 0 
164737635       60457.640 6 1.74 -0.37 3.22 24.63469 118.4108 1195.9 17.71 4.26 2.95 0 0 0 0 0 0 0 0 0 0 0 0 0 -0.002817996 0.005579414 0.00208877 0.07701666 0.2921482 9.794296 388 -817.0667 -680.8 0.001332666 0.001332531 0.001966369 6.169561 6.207318 1.017745 87.77594 99.10051 92.826 6.787213E-08 6.253956E-08 6.448022E-08 4.049043E-05 4.34245E-05 2.239693E-05 0.291719 0.291719 0.2917174 0.5206726 0 0 
164737707       60457.710 10 1.74 -0.37 3.22 24.63469 118.4108 1196.12 17.71 4.26 2.95 0 0 0 0 0 0 0 0 0 0 0 0 0 0.008504977 0.003812369 0.002478808 0.08563675 0.3065405 9.797674 388 -816.8 -681.6 0.001332688 0.001332553 0.001966426 6.170224 6.207989 1.017839 88.2436 99.60902 92.90236 6.787213E-08 6.253956E-08 6.448022E-08 4.049043E-05 4.34245E-05 2.239693E-05 0.2917448 0.2917448 0.291743 0.520687 0 0 
164737837       60457.840 7 1.74 -0.37 3.22 24.6347 118.4109 1196.5 17.71 4.26 2.95 0 0 0 0 0 0 0 0 0 0 0 0 0 -2.710149E-05 0.00140802 0.000499282 0.07763611 0.286227 9.796059 388.9333 -817.3334 -681.4667 0.001332726 0.001332591 0.001966525 6.171372 6.209152 1.018003 89.05434 50.4747 93.03473 6.787212E-08 6.253956E-08 6.448022E-08 4.049043E-05 4.34245E-05 2.239693E-05 0.2917893 0.2917893 0.2917876 0.520712 0 0 
164737970       60457.970 6 1.74 -0.37 3.22 24.6347 118.4109 1196.88 17.71 4.26 2.95 0 0 0 0 0 0 0 0 0 0 0 0 0 -0.003620982 0.0008179341 0.001691189 0.08777937 0.310573 9.774895 388.5334 -816.6667 -680.4 0.001332764 0.001332629 0.001966624 6.17252 6.210316 1.018167 89.86522 51.35643 93.16712 6.787212E-08 6.253956E-08 6.448022E-08 4.049043E-05 4.34245E-05 2.239693E-05 0.2918339 0.2918339 0.2918321 0.520737 0 0 
164738045       60458.050 25 1.74 -0.37 3.22 24.63471 118.4109 1197.12 17.71 4.26 2.95 0 0 0 0 0 0 0 0 0 0 0 0 0 0.002537062 0.007067481 0.003335858 0.08238958 0.3030621 9.769757 388.4 -817.0667 -682.2667 0.001332788 0.001332653 0.001966684 6.173227 6.211031 1.018268 90.3643 51.8991 93.2486 6.787212E-08 6.253956E-08 6.448022E-08 4.049043E-05 4.34245E-05 2.239693E-05 0.2918613 0.2918613 0.2918596 0.5207523 0 0 
164738174       60458.180 4 1.74 -0.37 3.22 24.63471 118.4109 1197.49 17.72 4.26 2.95 0 0 0 0 0 0 0 0 0 0 0 0 0 0.003173947 -0.002922909 -0.002684444 0.07115119 0.300014 9.775369 388 -817.3334 -679.0667 0.001332824 0.00133269 0.001966779 6.174331 6.21215 1.018425 91.14423 52.74717 93.37594 6.787212E-08 6.253956E-08 6.448022E-08 4.049043E-05 4.34245E-05 2.239693E-05 0.2919041 0.2919041 0.2919024 0.5207763 0 0 
164738306       60458.310 10 1.74 -0.37 3.22 24.63472 118.4109 1197.89 17.72 4.26 2.95 0 0 0 0 0 0 0 0 0 0 0 0 0 -0.0003331807 -5.252659E-05 0.0009407289 0.08977892 0.3091424 9.768799 387.7334 -816.9333 -681.6 0.001332864 0.001332729 0.001966882 6.175524 6.213358 1.018595 91.98671 53.66324 93.51348 6.787212E-08 6.253956E-08 6.448022E-08 4.049043E-05 4.34245E-05 2.239693E-05 0.2919503 0.2919503 0.2919486 0.5208023 0 0 
164738381       60458.380 7 1.74 -0.37 3.22 24.63472 118.411 1198.11 17.72 4.26 2.95 0 0 0 0 0 0 0 0 0 0 0 0 0 0.004421035 0.00688727 0.003627408 0.09101071 0.3137767 9.77201 388.6667 -817.3334 -682.9333 0.001332886 0.001332751 0.001966939 6.176187 6.214029 1.01869 92.45481 54.17226 93.5899 6.787212E-08 6.253956E-08 6.448022E-08 4.049043E-05 4.34245E-05 2.239693E-05 0.291976 0.291976 0.2919743 0.5208167 0 0 
164738511       60458.510 10 1.74 -0.37 3.22 24.63472 118.411 1198.49 17.72 4.26 2.95 0 0 0 0 0 0 0 0 0 0 0 0 0 -0.000937935 0.005292892 0.003075041 0.0884157 0.2924615 9.799272 388.1334 -817.2 -678.8 0.001332924 0.00133279 0.001967038 6.177335 6.215193 1.018854 93.26633 55.05467 93.72239 6.787212E-08 6.253956E-08 6.448022E-08 4.049043E-05 4.34245E-05 2.239693E-05 0.2920206 0.2920206 0.2920188 0.5208416 0 0 
164738642       60458.640 6 1.74 -0.37 3.22 24.63473 118.411 1198.88 17.72 4.26 2.95 0 0 0 0 0 0 0 0 0 0 0 0 0 0.00113938 0.004953286 0.003635371 0.08963212 0.3110394 9.784201 389.0667 -818.0001 -681.0667 0.001332962 0.001332828 0.001967137 6.178483 6.216357 1.019018 94.078 55.93725 93.85489 6.787212E-08 6.253956E-08 6.448022E-08 4.049043E-05 4.34245E-05 2.239693E-05 0.2920651 0.2920651 0.2920634 0.5208666 0 0 
164738712       60458.710 9 1.74 -0.37 3.22 24.63473 118.411 1199.08 17.73 4.26 2.95 0 0 0 0 0 0 0 0 0 0 0 0 0 -0.006366335 0.001746509 0.001274468 0.09331946 0.3147394 9.770084 387.4667 -817.4667 -681.6 0.001332983 0.001332848 0.00196719 6.179102 6.216983 1.019106 94.51511 56.41256 93.92625 6.787212E-08 6.253956E-08 6.448022E-08 4.049043E-05 4.34245E-05 2.239693E-05 0.292089 0.292089 0.2920873 0.52088 0 0 
164738842       60458.840 10 1.74 -0.37 3.22 24.63474 118.411 1199.47 17.73 4.26 2.95 0 0 0 0 0 0 0 0 0 0 0 0 0 0.002407841 -0.004047621 0.003600307 0.09272609 0.296781 9.799113 388.1334 -817.4667 -682.5334 0.001333021 0.001332886 0.001967289 6.180251 6.218147 1.01927 95.327 57.29539 94.05878 6.787212E-08 6.253956E-08 6.448022E-08 4.049043E-05 4.34245E-05 2.239693E-05 0.2921335 0.2921335 0.2921318 0.520905 0 0 
164738974       60458.970 3 1.74 -0.37 3.22 24.63474 118.4111 1199.85 17.73 4.26 2.95 0 0 0 0 0 0 0 0 0 0 0 0 0 0.002808357 -0.002117269 0.000723917 0.07440174 0.283671 9.79365 388.2667 -817.4667 -678.2667 0.001333059 0.001332924 0.001967388 6.181399 6.219311 1.019435 96.13905 58.17839 94.19135 6.787212E-08 6.253956E-08 6.448022E-08 4.049043E-05 4.34245E-05 2.239693E-05 0.292178 0.292178 0.2921763 0.5209299 0 0 
164739051       60459.050 6 1.74 -0.37 3.22 24.63474 118.4111 1200.09 17.73 4.26 2.95 0 0 0 0 0 0 0 0 0 0 0 0 0 -0.006867014 0.000447873 0.0002904329 0.07360802 0.3086622 9.768476 388.9333 -818.1334 -679.4667 0.001333082 0.001332948 0.001967449 6.182106 6.220027 1.019536 96.63885 58.72186 94.27293 6.787212E-08 6.253956E-08 6.448022E-08 4.049043E-05 4.34245E-05 2.239693E-05 0.2922054 0.2922054 0.2922037 0.5209453 0 0 
164739182       60459.180 7 1.74 -0.37 3.22 24.63475 118.4111 1200.47 17.73 4.26 2.96 0 0 0 0 0 0 0 0 0 0 0 0 0 -0.005403534 0.009741308 -0.001874613 0.08562104 0.3102598 9.770243 388.4 -817.6 -683.4667 0.00133312 0.001332986 0.001967548 6.183256 6.221191 1.0197 97.45113 59.60512 94.40552 6.787212E-08 6.253956E-08 6.448022E-08 4.049043E-05 4.34245E-05 2.239693E-05 0.2922499 0.2922499 0.2922482 0.5209702 0 0 
164739312       60459.310 9 1.74 -0.37 3.22 24.63476 118.4111 1200.86 17.74 4.26 2.96 0 0 0 0 0 0 0 0 0 0 0 0 0 -0.005300855 0.003803149 0.002554385 0.08084742 0.3088197 9.770401 387.8667 -817.4667 -678.6667 0.001333158 0.001333024 0.001967647 6.184404 6.222355 1.019864 98.26357 60.48856 94.53813 6.787212E-08 6.253956E-08 6.448022E-08 4.049043E-05 4.34245E-05 2.239693E-05 0.2922944 0.2922944 0.2922927 0.5209952 0 0 
164739385       60459.390 9 1.74 -0.37 3.22 24.63476 118.4111 1201.07 17.74 4.26 2.96 0 0 0 0 0 0 0 0 0 0 0 0 0 -0.002532592 9.695068E-05 -3.785826E-05 0.06392273 0.289121 9.78563 388.9333 -818.0001 -680.9333 0.001333179 0.001333044 0.0019677 6.185023 6.222982 1.019953 98.7011 60.96431 94.60955 6.787212E-08 6.253956E-08 6.448022E-08 4.049043E-05 4.34245E-05 2.239693E-05 0.2923183 0.2923183 0.2923166 0.5210086 0 0 
164739519       60459.520 7 1.74 -0.37 3.22 24.63476 118.4112 1201.47 17.74 4.26 2.96 0 0 0 0 0 0 0 0 0 0 0 0 0 0.002133474 0.006579235 0.002592243 0.07470686 0.2855965 9.78964 389.0667 -818.0001 -679.2 0.001333218 0.001333084 0.001967803 6.186216 6.224191 1.020124 99.54504 61.88199 94.7473 6.787212E-08 6.253956E-08 6.448022E-08 4.049043E-05 4.34245E-05 2.239693E-05 0.2923645 0.2923645 0.2923628 0.5210345 0 0 
164739651       60459.650 7 1.74 -0.37 3.22 24.63477 118.4112 1201.85 17.74 4.26 2.96 0 0 0 0 0 0 0 0 0 0 0 0 0 0.004093163 0.001434563 0.001945719 0.07161173 0.3019354 9.774087 388.8 -817.0667 -682.9333 0.001333256 0.001333122 0.001967902 6.187366 6.225355 1.020288 50.34393 62.76585 94.87997 6.787212E-08 6.253956E-08 6.448022E-08 4.049043E-05 4.34245E-05 2.239693E-05 0.292409 0.292409 0.2924072 0.5210595 0 0 
164739726       60459.730 3 1.74 -0.37 3.22 24.63477 118.4112 1202.09 17.74 4.26 2.96 0 0 0 0 0 0 0 0 0 0 0 0 0 0.003689295 0.007149205 -0.002560252 0.06561425 0.2897673 9.7813 387.2 -816.6667 -681.8667 0.00133328 0.001333145 0.001967962 6.188073 6.226071 1.02039 50.84425 63.30984 94.96162 6.787212E-08 6.253956E-08 6.448022E-08 4.049043E-05 4.34245E-05 2.239693E-05 0.2924363 0.2924363 0.2924346 0.5210748 0 0 
